# DESCRIPTION: Verilator output: Timestamp data for --skip-identical.  Delete at will.
C "-f servant_1.3.0.vc"
T      5363 281474976828634  1732261023   144027500  1732261023   144027500 "./Vservant_sim.cpp"
T      4061 281474976828632  1732261023   132716700  1732261023   132716700 "./Vservant_sim.h"
T      1847 281474976828645  1732261023   390728200  1732261023   390728200 "./Vservant_sim.mk"
T       693 281474976828629  1732261023    12277600  1732261023    12277600 "./Vservant_sim__Dpi.cpp"
T       437 281474976828628  1732261023    12277600  1732261023    12277600 "./Vservant_sim__Dpi.h"
T      3124 281474976828633  1732261023   137265000  1732261023   137265000 "./Vservant_sim__Slow.cpp"
T      1686 281474976828626  1732261022   992835000  1732261022   992835000 "./Vservant_sim__Syms.cpp"
T      1420 281474976828627  1732261023     7772000  1732261023     7772000 "./Vservant_sim__Syms.h"
T     68085 281474976828631  1732261023   127434400  1732261023   127434400 "./Vservant_sim__Trace.cpp"
T    146162 281474976828630  1732261023    90538700  1732261023    90538700 "./Vservant_sim__Trace__Slow.cpp"
T      1611 281474976828646  1732261023   401398500  1732261023   401398500 "./Vservant_sim__ver.d"
T         0        0  1732261023   438231100  1732261023   438231100 "./Vservant_sim__verFiles.dat"
T      1877 281474976828644  1732261023   390728200  1732261023   390728200 "./Vservant_sim_classes.mk"
T    343000 281474976828640  1732261023   367326600  1732261023   367326600 "./Vservant_sim_servant__pi1.cpp"
T     19225 281474976828638  1732261023   165788100  1732261023   165788100 "./Vservant_sim_servant__pi1.h"
T     77426 281474976828639  1732261023   202000600  1732261023   202000600 "./Vservant_sim_servant__pi1__Slow.cpp"
T      6039 281474976828643  1732261023   385191000  1732261023   385191000 "./Vservant_sim_servant_ram__pi2.cpp"
T      1680 281474976828641  1732261023   367326600  1732261023   367326600 "./Vservant_sim_servant_ram__pi2.h"
T      1373 281474976828642  1732261023   378814900  1732261023   378814900 "./Vservant_sim_servant_ram__pi2__Slow.cpp"
T       257 281474976828637  1732261023   149655900  1732261023   149655900 "./Vservant_sim_servant_sim.cpp"
T      1446 281474976828635  1732261023   145145100  1732261023   145145100 "./Vservant_sim_servant_sim.h"
T      1988 281474976828636  1732261023   149655900  1732261023   149655900 "./Vservant_sim_servant_sim__Slow.cpp"
S   7892640    44083  1731397340   756729600  1598506306           0 "/usr/bin/verilator_bin"
S      1078 281474976828624  1732261021   912804900  1732261021   912804900 "servant_1.3.0.vc"
S      2285 281474976828605  1731397769   736945700  1731397733           0 "src/serv_1.3.0/rtl/serv_aligner.v"
S      1908 281474976828592  1731397769   225210300  1731397733           0 "src/serv_1.3.0/rtl/serv_alu.v"
S      1593 281474976828590  1731397769   119158700  1731397733           0 "src/serv_1.3.0/rtl/serv_bufreg.v"
S      2045 281474976828591  1731397769   177831900  1731397733           0 "src/serv_1.3.0/rtl/serv_bufreg2.v"
S      8547 281474976828606  1731397769   770705100  1731397733           0 "src/serv_1.3.0/rtl/serv_compdec.v"
S      4622 281474976828593  1731397769   257054600  1731397733           0 "src/serv_1.3.0/rtl/serv_csr.v"
S      3276 281474976828594  1731397769   305107100  1731397733           0 "src/serv_1.3.0/rtl/serv_ctrl.v"
S     11459 281474976828602  1731397769   619522000  1731397733           0 "src/serv_1.3.0/rtl/serv_debug.v"
S     13034 281474976828595  1731397769   337867900  1731397733           0 "src/serv_1.3.0/rtl/serv_decode.v"
S      3033 281474976828596  1731397769   385767200  1731397733           0 "src/serv_1.3.0/rtl/serv_immdec.v"
S      2034 281474976828597  1731397769   437702100  1731397733           0 "src/serv_1.3.0/rtl/serv_mem_if.v"
S      4099 281474976828598  1731397769   466489200  1731397733           0 "src/serv_1.3.0/rtl/serv_rf_if.v"
S      1203 281474976828600  1731397769   548028900  1731397733           0 "src/serv_1.3.0/rtl/serv_rf_ram.v"
S      4385 281474976828599  1731397769   502358400  1731397733           0 "src/serv_1.3.0/rtl/serv_rf_ram_if.v"
S      6639 281474976828604  1731397769   688355500  1731397733           0 "src/serv_1.3.0/rtl/serv_rf_top.v"
S      8460 281474976828601  1731397769   585718100  1731397733           0 "src/serv_1.3.0/rtl/serv_state.v"
S     18202 281474976828603  1731397769   655255700  1731397733           0 "src/serv_1.3.0/rtl/serv_top.v"
S       901 281474976828621  1731397770   271998900  1731397733           0 "src/servant_1.3.0/bench/servant_sim.v"
S      4255 281474976828620  1731397770   219865900  1731397733           0 "src/servant_1.3.0/servant/servant.v"
S       293 281474976828617  1731397770    93759600  1731397733           0 "src/servant_1.3.0/servant/servant_gpio.v"
S      1264 281474976828618  1731397770   145781500  1731397733           0 "src/servant_1.3.0/servant/servant_mux.v"
S      1227 281474976828619  1731397770   195442100  1731397733           0 "src/servant_1.3.0/servant/servant_ram.v"
S       884 281474976828616  1731397770    51731600  1731397733           0 "src/servant_1.3.0/servant/servant_timer.v"
S      7435 281474976828612  1731397769   969010000  1731397733           0 "src/servile_1.3.0/servile/servile.v"
S      1528 281474976828611  1731397769   933177100  1731397733           0 "src/servile_1.3.0/servile/servile_arbiter.v"
S      2860 281474976828610  1731397769   880236600  1731397733           0 "src/servile_1.3.0/servile/servile_mux.v"
S      2405 281474976828609  1731397769   835955000  1731397733           0 "src/servile_1.3.0/servile/servile_rf_mem_if.v"
